{
    "fps": 24.0,
    "frames": [
        {
            "index": 0,
            "matrix": [
                [
                    -0.7660444431189781,
                    0.07972799056470162,
                    0.6378239245176129,
                    -2.571150438746157
                ],
                [
                    0.6427876096865393,
                    0.09501611918580045,
                    0.7601289534864035,
                    -3.064177772475912
                ],
                [
                    0.0,
                    0.9922778767136676,
                    -0.12403473458920847,
                    1.7
                ],
                [
                    0.0,
                    0.0,
                    0.0,
                    1.0
                ]
            ]
        },
        {
            "index": 1,
            "matrix": [
                [
                    -0.7720342160162348,
                    0.08030543336699789,
                    0.6304872771689658,
                    -2.542323879603691
                ],
                [
                    0.6355809699009226,
                    0.09754625331371836,
                    0.7658469554449233,
                    -3.0881368640649396
                ],
                [
                    0.0,
                    0.9919857689685847,
                    -0.12634965043008806,
                    1.7094817058170495
                ],
                [
                    0.0,
                    0.0,
                    0.0,
                    1.0
                ]
            ]
        },
        {
            "index": 2,
            "matrix": [
                [
                    -0.7779561942448092,
                    0.08083522399375004,
                    0.623096963881235,
                    -2.5132740712819452
                ],
                [
                    0.6283185178204863,
                    0.10008659849345931,
                    0.7714910971397378,
                    -3.111824776979237
                ],
                [
                    0.0,
                    0.9916896386288856,
                    -0.12865325738631989,
                    1.718925487874196
                ],
                [
                    0.0,
                    0.0,
                    0.0,
                    1.0
                ]
            ]
        },
        {
            "index": 3,
            "matrix": [
                [
                    -0.7838098577778115,
                    0.08131158649512638,
                    0.6156545563479349,
                    -2.4840035647327943
                ],
                [
                    0.6210008911831987,
                    0.10262919739938295,
                    0.7770618643266646,
                    -3.135239431111246
                ],
                [
                    0.0,
                    0.9913907775155084,
                    -0.1309363442944545,
                    1.7282935740943233
                ],
                [
                    0.0,
                    0.0,
                    0.0,
                    1.0
                ]
            ]
        },
        {
            "index": 4,
            "matrix": [
                [
                    -0.7895946925872732,
                    0.08172909320059979,
                    0.6081616370362547,
                    -2.4545149302882945
                ],
                [
                    0.6136287325720736,
                    0.10516596566570406,
                    0.7825598368352357,
                    -3.158378770349093
                ],
                [
                    0.0,
                    0.991090548330579,
                    -0.13318980820540427,
                    1.737548495159208
                ],
                [
                    0.0,
                    0.0,
                    0.0,
                    1.0
                ]
            ]
        },
        {
            "index": 5,
            "matrix": [
                [
                    -0.7953101906892849,
                    0.08208268780034315,
                    0.600619790673971,
                    -2.424810757434974
                ],
                [
                    0.6062026893587436,
                    0.10768873057266712,
                    0.7879856830690988,
                    -3.1812407627571395
                ],
                [
                    0.0,
                    0.9907903762507582,
                    -0.13540469094119706,
                    1.7466532343746852
                ],
                [
                    0.0,
                    0.0,
                    0.0,
                    1.0
                ]
            ]
        },
        {
            "index": 6,
            "matrix": [
                [
                    -0.8009558501886038,
                    0.08236770593197464,
                    0.5930305953896094,
                    -2.3948936545864443
                ],
                [
                    0.5987234136466111,
                    0.11018927008551785,
                    0.7933401532188887,
                    -3.203823400754415
                ],
                [
                    0.0,
                    0.9904917393787415,
                    -0.1375722145728397,
                    1.7555713757254676
                ],
                [
                    0.0,
                    0.0,
                    0.0,
                    1.0
                ]
            ]
        },
        {
            "index": 7,
            "matrix": [
                [
                    -0.806531175322727,
                    0.0825798931988614,
                    0.585395613642437,
                    -2.364766248854345
                ],
                [
                    0.5911915622135863,
                    0.11265935202174024,
                    0.7986240712434738,
                    -3.226124701290908
                ],
                [
                    0.0,
                    0.9901961581632734,
                    -0.13968381566485696,
                    1.7642672495274396
                ],
                [
                    0.0,
                    0.0,
                    0.0,
                    1.0
                ]
            ]
        },
        {
            "index": 8,
            "matrix": [
                [
                    -0.8120356765054259,
                    0.08271542056837589,
                    0.5777163830830593,
                    -2.3344311858176514
                ],
                [
                    0.583607796454413,
                    0.11509077313006488,
                    0.8038383256961243,
                    -3.2481427060217034
                ],
                [
                    0.0,
                    0.9899051839143589,
                    -0.1417311781489146,
                    1.7727060750948704
                ],
                [
                    0.0,
                    0.0,
                    0.0,
                    1.0
                ]
            ]
        },
        {
            "index": 9,
            "matrix": [
                [
                    -0.8174688703697378,
                    0.0827708971203547,
                    0.5699944074868774,
                    -2.3038911292903568
                ],
                [
                    0.5759727823225892,
                    0.11747539787491182,
                    0.808983859491465,
                    -3.2698754814789512
                ],
                [
                    0.0,
                    0.989620386554371,
                    -0.14370626470678716,
                    1.7808540998519202
                ],
                [
                    0.0,
                    0.0,
                    0.0,
                    1.0
                ]
            ]
        },
        {
            "index": 10,
            "matrix": [
                [
                    -0.8228302798104126,
                    0.08274338013717014,
                    0.5622311479014604,
                    -2.273148761087556
                ],
                [
                    0.568287190271889,
                    0.11980519673187306,
                    0.8140616587267324,
                    -3.2913211192416503
                ],
                [
                    0.0,
                    0.9893433417573056,
                    -0.14560134656137988,
                    1.7886787343320378
                ],
                [
                    0.0,
                    0.0,
                    0.0,
                    1.0
                ]
            ]
        },
        {
            "index": 11,
            "matrix": [
                [
                    -0.828119434025808,
                    0.0826303825469356,
                    0.5544280141451391,
                    -2.2422067807899446
                ],
                [
                    0.5605516951974862,
                    0.12207228381317574,
                    0.8190727406866011,
                    -3.312477736103232
                ],
                [
                    0.0,
                    0.9890756176373889,
                    -0.14740903159310642,
                    1.7961486825252988
                ],
                [
                    0.0,
                    0.0,
                    0.0,
                    1.0
                ]
            ]
        },
        {
            "index": 12,
            "matrix": [
                [
                    -0.8333358685592326,
                    0.08242987775012875,
                    0.5465863567879539,
                    -2.211067905506765
                ],
                [
                    0.5527669763766913,
                    0.12426895365638464,
                    0.8240181411744026,
                    -3.33334347423693
                ],
                [
                    0.0,
                    0.9888187611545638,
                    -0.14912229071722927,
                    1.803234067052333
                ],
                [
                    0.0,
                    0.0,
                    0.0,
                    1.0
                ]
            ]
        },
        {
            "index": 13,
            "matrix": [
                [
                    -0.838479125339731,
                    0.08214030187707096,
                    0.5387074597377164,
                    -2.1797348696372034
                ],
                [
                    0.5449337174093009,
                    0.12638771702448598,
                    0.8288989013238095,
                    -3.3539165013589236
                ],
                [
                    0.0,
                    0.9885742844080467,
                    -0.15073448247537086,
                    1.80990654866419
                ],
                [
                    0.0,
                    0.0,
                    0.0,
                    1.0
                ]
            ]
        },
        {
            "index": 14,
            "matrix": [
                [
                    -0.8435487527223084,
                    0.08176055353905011,
                    0.5307925335435925,
                    -2.1482104246302787
                ],
                [
                    0.5370526061575697,
                    0.1284213355805147,
                    0.8337160540538242,
                    -3.374195010889234
                ],
                [
                    0.0,
                    0.9883436509902337,
                    -0.15223937581090854,
                    1.816139439590179
                ],
                [
                    0.0,
                    0.0,
                    0.0,
                    1.0
                ]
            ]
        },
        {
            "index": 15,
            "matrix": [
                [
                    -0.8485443055275915,
                    0.08128999114927268,
                    0.5228427095175456,
                    -2.116497338743226
                ],
                [
                    0.5291243346858066,
                    0.1303628553146451,
                    0.8384706103361736,
                    -3.394177222110366
                ],
                [
                    0.0,
                    0.9881282625718,
                    -0.15363117101303342,
                    1.8219078102803286
                ],
                [
                    0.0,
                    0.0,
                    0.0,
                    1.0
                ]
            ]
        },
        {
            "index": 16,
            "matrix": [
                [
                    -0.8534653450809199,
                    0.08072842790120459,
                    0.5148590347604928,
                    -2.08459839679841
                ],
                [
                    0.5211495991996025,
                    0.13220563861578097,
                    0.8431635454479085,
                    -3.4138613803236795
                ],
                [
                    0.0,
                    0.987929445885076,
                    -0.15490451882758768,
                    1.8271885891155324
                ],
                [
                    0.0,
                    0.0,
                    0.0,
                    1.0
                ]
            ]
        },
        {
            "index": 17,
            "matrix": [
                [
                    -0.8583114392508683,
                    0.08007612450118785,
                    0.5068424681653789,
                    -2.052516399938779
                ],
                [
                    0.5131290999846948,
                    0.13394339489281798,
                    0.8477957853831803,
                    -3.4332457570034736
                ],
                [
                    0.0,
                    0.98774844026678,
                    -0.15605453774415892,
                    1.831960654686573
                ],
                [
                    0.0,
                    0.0,
                    0.0,
                    1.0
                ]
            ]
        },
        {
            "index": 18,
            "matrix": [
                [
                    -0.8630821624871933,
                    0.07933377975954599,
                    0.49879387745389764,
                    -2.0202541653818904
                ],
                [
                    0.5050635413454726,
                    0.1355702096626212,
                    0.852368193596877,
                    -3.4523286499487735
                ],
                [
                    0.0,
                    0.9875863859132004,
                    -0.1570768294781354,
                    1.8362049202729327
                ],
                [
                    0.0,
                    0.0,
                    0.0,
                    1.0
                ]
            ]
        },
        {
            "index": 19,
            "matrix": [
                [
                    -0.867777095858202,
                    0.07850251914981325,
                    0.490714037287541,
                    -1.9878145261725197
                ],
                [
                    0.49695363154313,
                    0.13708057203213242,
                    0.856881558249119,
                    -3.471108383432808
                ],
                [
                    0.0,
                    0.9874443129911056,
                    -0.15796749267340873,
                    1.8399044101835103
                ],
                [
                    0.0,
                    0.0,
                    0.0,
                    1.0
                ]
            ]
        },
        {
            "index": 20,
            "matrix": [
                [
                    -0.8723958270875394,
                    0.07758388144938622,
                    0.48260362847734134,
                    -1.9552003309338843
                ],
                [
                    0.48880008273347103,
                    0.13846940051072987,
                    0.8613365801136922,
                    -3.4895833083501575
                ],
                [
                    0.0,
                    0.9873231317362349,
                    -0.15872313485611772,
                    1.8430443276539008
                ],
                [
                    0.0,
                    0.0,
                    0.0,
                    1.0
                ]
            ]
        },
        {
            "index": 21,
            "matrix": [
                [
                    -0.8769379505903919,
                    0.07657980357699096,
                    0.47446323830032683,
                    -1.9224144436174975
                ],
                [
                    0.48060361090437437,
                    0.13973206709589867,
                    0.8657338613054152,
                    -3.5077518023615677
                ],
                [
                    0.0,
                    0.9872236236583971,
                    -0.1593408826722861,
                    1.8456121140286725
                ],
                [
                    0.0,
                    0.0,
                    0.0,
                    1.0
                ]
            ]
        },
        {
            "index": 22,
            "matrix": [
                [
                    -0.8814030675091037,
                    0.07549260374310994,
                    0.4662933619146086,
                    -1.889459743251673
                ],
                [
                    0.4723649358129183,
                    0.1408644195804142,
                    0.8700738949714159,
                    -3.5256122700364148
                ],
                [
                    0.0,
                    0.9871464339581835,
                    -0.15981839044253074,
                    1.8475974989919308
                ],
                [
                    0.0,
                    0.0,
                    0.0,
                    1.0
                ]
            ]
        },
        {
            "index": 23,
            "matrix": [
                [
                    -0.8857907857482,
                    0.07432496302916695,
                    0.4580944048493708,
                    -1.8563391236887135
                ],
                [
                    0.4640847809221783,
                    0.14186280203261334,
                    0.8743570560794196,
                    -3.5431631429928006
                ],
                [
                    0.0,
                    0.9870920652452679,
                    -0.16015384706534988,
                    1.8489925416452642
                ],
                [
                    0.0,
                    0.0,
                    0.0,
                    1.0
                ]
            ]
        },
        {
            "index": 24,
            "matrix": [
                [
                    -0.8901007200088199,
                    0.07307990551008726,
                    0.44986668653104,
                    -1.8230554933507879
                ],
                [
                    0.4557638733376969,
                    0.14272407340304422,
                    0.8785835934226534,
                    -3.56040288003528
                ],
                [
                    0.0,
                    0.9870608726324224,
                    -0.16034598129707162,
                    1.849791662268772
                ],
                [
                    0.0,
                    0.0,
                    0.0,
                    1.0
                ]
            ]
        },
        {
            "index": 25,
            "matrix": [
                [
                    -0.8943324918225494,
                    0.07176077703311169,
                    0.44161044479277634,
                    -1.789611774974538
                ],
                [
                    0.44740294374363454,
                    0.1434456242110013,
                    0.8827536229459759,
                    -3.5773299672901975
                ],
                [
                    0.0,
                    0.9870530602628818,
                    -0.16039406543161056,
                    1.8499916646381414
                ],
                [
                    0.0,
                    0.0,
                    0.0,
                    1.0
                ]
            ]
        },
        {
            "index": 26,
            "matrix": [
                [
                    -0.898485729584656,
                    0.07037122276370592,
                    0.4333258413012883,
                    -1.7560109053544213
                ],
                [
                    0.4390027263386053,
                    0.14402539126339023,
                    0.8868671224815469,
                    -3.593942918338624
                ],
                [
                    0.0,
                    0.9870686793117125,
                    -0.16029791739705093,
                    1.849591748808512
                ],
                [
                    0.0,
                    0.0,
                    0.0,
                    1.0
                ]
            ]
        },
        {
            "index": 27,
            "matrix": [
                [
                    -0.9025600685867214,
                    0.06891516360733392,
                    0.4250129678229914,
                    -1.7222558350848236
                ],
                [
                    0.4305639587712059,
                    0.1444618703562981,
                    0.8909239279649119,
                    -3.6102402743468858
                ],
                [
                    0.0,
                    0.9871076274845285,
                    -0.1600579012790855,
                    1.8485935143139969
                ],
                [
                    0.0,
                    0.0,
                    0.0,
                    1.0
                ]
            ]
        },
        {
            "index": 28,
            "matrix": [
                [
                    -0.9065551510486667,
                    0.06739677161398788,
                    0.416671853240822,
                    -1.6883495283009577
                ],
                [
                    0.4220873820752394,
                    0.1447541269068784,
                    0.8949237311840034,
                    -3.6262206041946667
                ],
                [
                    0.0,
                    0.9871696500194074,
                    -0.15967492627385396,
                    1.847000953770063
                ],
                [
                    0.0,
                    0.0,
                    0.0,
                    1.0
                ]
            ]
        },
        {
            "index": 29,
            "matrix": [
                [
                    -0.9104706261501703,
                    0.06582044447089698,
                    0.40830247122368807,
                    -1.6542949624185743
                ],
                [
                    0.41357374060464364,
                    0.14490180446003686,
                    0.8988660790943822,
                    -3.6418825046006806
                ],
                [
                    0.0,
                    0.9872543421803112,
                    -0.15915044406510837,
                    1.8448204369043586
                ],
                [
                    0.0,
                    0.0,
                    0.0,
                    1.0
                ]
            ]
        },
        {
            "index": 30,
            "matrix": [
                [
                    -0.9143061500614745,
                    0.06419077918795023,
                    0.3999047484426862,
                    -1.6200951278725053
                ],
                [
                    0.40502378196812633,
                    0.14490513101129368,
                    0.9027503747143145,
                    -3.657224600245898
                ],
                [
                    0.0,
                    0.9873611532128673,
                    -0.15848644461327402,
                    1.8420606850798618
                ],
                [
                    0.0,
                    0.0,
                    0.0,
                    1.0
                ]
            ]
        },
        {
            "index": 31,
            "matrix": [
                [
                    -0.9180613859735792,
                    0.062512545080199,
                    0.39147857322191604,
                    -1.585753027854065
                ],
                [
                    0.39643825696351626,
                    0.1447649230844664,
                    0.9065758795931413,
                    -3.6722455438943165
                ],
                [
                    0.0,
                    0.9874893917161567,
                    -0.1576854503372311,
                    1.8387327364122454
                ],
                [
                    0.0,
                    0.0,
                    0.0,
                    1.0
                ]
            ]
        },
        {
            "index": 32,
            "matrix": [
                [
                    -0.9217360041278161,
                    0.06079065615244589,
                    0.38302380450703266,
                    -1.5512716780473315
                ],
                [
                    0.38781791951183286,
                    0.14448258750084358,
                    0.9103417178261,
                    -3.686944016511265
                ],
                [
                    0.0,
                    0.9876382323673056,
                    -0.1567505086638759,
                    1.834849901620981
                ],
                [
                    0.0,
                    0.0,
                    0.0,
                    1.0
                ]
            ]
        },
        {
            "index": 33,
            "matrix": [
                [
                    -0.9253296818448081,
                    0.059030142992430326,
                    0.37454028103166614,
                    -1.5166541063643284
                ],
                [
                    0.3791635265910821,
                    0.14406012077566693,
                    0.914046881568508,
                    -3.7013187273792325
                ],
                [
                    0.0,
                    0.987806723919408,
                    -0.15568518291605823,
                    1.8304277107907603
                ],
                [
                    0.0,
                    0.0,
                    0.0,
                    1.0
                ]
            ]
        },
        {
            "index": 34,
            "matrix": [
                [
                    -0.9288421035528028,
                    0.05723612428148387,
                    0.3660278305605173,
                    -1.4819033526791374
                ],
                [
                    0.37047583816978436,
                    0.14350010607833233,
                    0.9176902379822415,
                    -3.7153684142112113
                ],
                [
                    0.0,
                    0.9879937983776729,
                    -0.15449354150662123,
                    1.8254838512561762
                ],
                [
                    0.0,
                    0.0,
                    0.0,
                    1.0
                ]
            ]
        },
        {
            "index": 35,
            "matrix": [
                [
                    -0.9322729608153852,
                    0.05541377803470609,
                    0.3574862790883524,
                    -1.4470224685609554
                ],
                [
                    0.36175561714023885,
                    0.1428057076950794,
                    0.9212705375280338,
                    -3.7290918432615414
                ],
                [
                    0.0,
                    0.9881982812440162,
                    -0.15318014540524544,
                    1.8200380968580965
                ],
                [
                    0.0,
                    0.0,
                    0.0,
                    1.0
                ]
            ]
        },
        {
            "index": 36,
            "matrix": [
                [
                    -0.935621952358562,
                    0.05356831268661725,
                    0.3489154598762595,
                    -1.4120145170061267
                ],
                [
                    0.35300362925153167,
                    0.14198066293730405,
                    0.9247864234984914,
                    -3.7424878094342477
                ],
                [
                    0.0,
                    0.9884189027066372,
                    -0.15175003384582006,
                    1.8141122288546903
                ],
                [
                    0.0,
                    0.0,
                    0.0,
                    1.0
                ]
            ]
        },
        {
            "index": 37,
            "matrix": [
                [
                    -0.9388887840972165,
                    0.05170493814273696,
                    0.3403152222103884,
                    -1.3768825721691753
                ],
                [
                    0.34422064304229383,
                    0.14102927144520916,
                    0.9282364426692067,
                    -3.755555136388866
                ],
                [
                    0.0,
                    0.9886543096387581,
                    -0.15020870824526367,
                    1.8077299488034317
                ],
                [
                    0.0,
                    0.0,
                    0.0,
                    1.0
                ]
            ]
        },
        {
            "index": 38,
            "matrix": [
                [
                    -0.942073169160935,
                    0.049828836922453094,
                    0.33168543977393405,
                    -1.34162971909285
                ],
                [
                    0.3354074297732125,
                    0.13995638184544437,
                    0.9316190569292042,
                    -3.76829267664374
                ],
                [
                    0.0,
                    0.9889030782597898,
                    -0.14856211431018426,
                    1.8009167837625286
                ],
                [
                    0.0,
                    0.0,
                    0.0,
                    1.0
                ]
            ]
        },
        {
            "index": 39,
            "matrix": [
                [
                    -0.9451748279191957,
                    0.047945135523674486,
                    0.3230260185302963,
                    -1.3062590534372198
                ],
                [
                    0.32656476335930495,
                    0.1387673757327325,
                    0.9349326557374771,
                    -3.780699311676783
                ],
                [
                    0.0,
                    0.9891637273029512,
                    -0.14681662231550238,
                    1.793699984190936
                ],
                [
                    0.0,
                    0.0,
                    0.0,
                    1.0
                ]
            ]
        },
        {
            "index": 40,
            "matrix": [
                [
                    -0.9481934880059255,
                    0.04605887614487569,
                    0.31433690402405484,
                    -1.270773681207834
                ],
                [
                    0.3176934203019585,
                    0.13746814895924794,
                    0.9381755692398738,
                    -3.792773952023702
                ],
                [
                    0.0,
                    0.989434731526031,
                    -0.14497900554911727,
                    1.7861084149553246
                ],
                [
                    0.0,
                    0.0,
                    0.0,
                    1.0
                ]
            ]
        },
        {
            "index": 41,
            "matrix": [
                [
                    -0.9511288843434164,
                    0.04417498890499282,
                    0.3056180880165503,
                    -1.2351767184829747
                ],
                [
                    0.3087941796207437,
                    0.13606509023159752,
                    0.9413460818703285,
                    -3.8045155373736654
                ],
                [
                    0.0,
                    0.9897145353967028,
                    -0.14305641692873833,
                    1.7781724398799403
                ],
                [
                    0.0,
                    0.0,
                    0.0,
                    1.0
                ]
            ]
        },
        {
            "index": 42,
            "matrix": [
                [
                    -0.953980759165603,
                    0.04229826470595722,
                    0.2968696143843026,
                    -1.1994712911400238
                ],
                [
                    0.29986782278500596,
                    0.134565057033503,
                    0.9444424462526821,
                    -3.815923036662412
                ],
                [
                    0.0,
                    0.9900015667807981,
                    -0.1410563638109431,
                    1.7699238003011168
                ],
                [
                    0.0,
                    0.0,
                    0.0,
                    1.0
                ]
            ]
        },
        {
            "index": 43,
            "matrix": [
                [
                    -0.956748862040698,
                    0.04043332888620102,
                    0.28809158422107667,
                    -1.1636605345809707
                ],
                [
                    0.2909151336452427,
                    0.13297534891245666,
                    0.9474628972143347,
                    -3.826995448162792
                ],
                [
                    0.0,
                    0.9902942504613417,
                    -0.1389866810281089,
                    1.7613954881121852
                ],
                [
                    0.0,
                    0.0,
                    0.0,
                    1.0
                ]
            ]
        },
        {
            "index": 44,
            "matrix": [
                [
                    -0.959432949893183,
                    0.038584615815980015,
                    0.27928416009791607,
                    -1.1277475934570835
                ],
                [
                    0.2819368983642709,
                    0.13130367819039693,
                    0.9504056657209106,
                    -3.837731799572732
                ],
                [
                    0.0,
                    0.9905910213180845,
                    -0.13685550220577208,
                    1.75262161380656
                ],
                [
                    0.0,
                    0.0,
                    0.0,
                    1.0
                ]
            ]
        },
        {
            "index": 45,
            "matrix": [
                [
                    -0.9620327870251535,
                    0.036756344586604914,
                    0.2704475694496928,
                    -1.0917356213927667
                ],
                [
                    0.2729339053481917,
                    0.12955813818146694,
                    0.9532689925421556,
                    -3.848131148100614
                ],
                [
                    0.0,
                    0.990890337001821,
                    -0.13467122943085255,
                    1.7436372700467864
                ],
                [
                    0.0,
                    0.0,
                    0.0,
                    1.0
                ]
            ]
        },
        {
            "index": 46,
            "matrix": [
                [
                    -0.9645481451370173,
                    0.03495249594544093,
                    0.2615821070714194,
                    -1.0556277807086327
                ],
                [
                    0.2639069451771582,
                    0.12774716902373565,
                    0.9560511414635106,
                    -3.858192580548069
                ],
                [
                    0.0,
                    0.9911906899449797,
                    -0.13244250135962757,
                    1.7344783913052264
                ],
                [
                    0.0,
                    0.0,
                    0.0,
                    1.0
                ]
            ]
        },
        {
            "index": 47,
            "matrix": [
                [
                    -0.9669788033475407,
                    0.033176790626655524,
                    0.25268813672246915,
                    -1.0194272421438084
                ],
                [
                    0.2548568105359521,
                    0.1258795212559157,
                    0.9587504118652692,
                    -3.867915213390163
                ],
                [
                    0.0,
                    0.9914906185598008,
                    -0.13017815987293518,
                    1.725181610137781
                ],
                [
                    0.0,
                    0.0,
                    0.0,
                    1.0
                ]
            ]
        },
        {
            "index": 48,
            "matrix": [
                [
                    -0.9693245482132461,
                    0.031432669224030145,
                    0.24376609185167428,
                    -0.983137184577503
                ],
                [
                    0.24578429614437572,
                    0.12396421729410248,
                    0.9613651505018654,
                    -3.877298192852985
                ],
                [
                    0.0,
                    0.9917887174878091,
                    -0.1278872154043818,
                    1.7157841106655007
                ],
                [
                    0.0,
                    0.0,
                    0.0,
                    1.0
                ]
            ]
        },
        {
            "index": 49,
            "matrix": [
                [
                    -0.9715851737471545,
                    0.02972327374661959,
                    0.23481647547072854,
                    -0.9467607947498607
                ],
                [
                    0.2366901986874652,
                    0.12201051098687936,
                    0.9638937623275756,
                    -3.886340694988618
                ],
                [
                    0.0,
                    0.992083646779093,
                    -0.12557881108489558,
                    1.7063234798501146
                ],
                [
                    0.0,
                    0.0,
                    0.0,
                    1.0
                ]
            ]
        },
        {
            "index": 50,
            "matrix": [
                [
                    -0.9737604814368732,
